%eval_id interface             x1             x2  response_fn_1 
1            NO_ID    1.750860744    1.985467048    3.64532e-05 
2            NO_ID    2.228318029    2.089656962    2.92799e-05 
3            NO_ID     1.79189316    2.265349526     3.5297e-05 
4            NO_ID    2.314088479    2.261390445    2.81044e-05 
5            NO_ID    1.853138622    2.129117101    3.46173e-05 
6            NO_ID    1.703071209    2.196319038    3.70486e-05 
7            NO_ID    2.091515818    1.752650375    3.14604e-05 
8            NO_ID    2.345856623    1.630946278    2.84215e-05 
9            NO_ID    1.730255115    1.783904496    3.71722e-05 
10           NO_ID    2.214473529    1.787966262    2.97961e-05 
11           NO_ID    2.011300524    1.874113442    3.24516e-05 
12           NO_ID    2.246311629    1.749820635    2.94495e-05 
13           NO_ID    2.281922843    1.671931416    2.91141e-05 
14           NO_ID     1.60879139    2.301362413    3.88253e-05 
15           NO_ID    2.121296701    2.319137231    3.03745e-05 
16           NO_ID    1.769516959    1.761694904    3.64592e-05 
17           NO_ID    2.097155597    2.174140967    3.08598e-05 
18           NO_ID    1.724768791    1.863146422    3.71476e-05 
19           NO_ID    1.998088763    1.617686558    3.30129e-05 
20           NO_ID    1.781780174    1.733022843     3.6278e-05 
21           NO_ID    2.072105688    1.648659537    3.18747e-05 
22           NO_ID      1.8859427    1.854068753    3.44599e-05 
23           NO_ID    1.894356134    2.191238934    3.38452e-05 
24           NO_ID    1.617990976     1.93275348    3.92344e-05 
25           NO_ID    1.633912383    2.084333281    3.86343e-05 
26           NO_ID    1.982317753    1.743546871    3.30718e-05 
27           NO_ID    2.332454743    2.038042066    2.81262e-05 
28           NO_ID    1.916099328    2.013150137     3.3735e-05 
29           NO_ID    2.307681875    2.348752445    2.80901e-05 
30           NO_ID    2.352481681    1.834711293    2.81195e-05 
31           NO_ID    1.859938588    2.338719604    3.42182e-05 
32           NO_ID    1.909222368    1.710756763    3.42882e-05 
33           NO_ID    2.003389545    1.886359112     3.2553e-05 
34           NO_ID    2.040386456    2.383734979    3.13988e-05 
35           NO_ID    1.705170836     1.72147727    3.77758e-05 
36           NO_ID    1.758710224    2.073339175    3.61732e-05 
37           NO_ID    1.820898623    1.969814918    3.52065e-05 
38           NO_ID    2.375593426     1.82116761    2.78799e-05 
39           NO_ID    1.665900065    1.806588348    3.84316e-05 
40           NO_ID    2.033407322    1.703545048    3.23591e-05 
41           NO_ID    2.182047512    1.900285648    3.00702e-05 
42           NO_ID    1.687043616    2.148065007    3.74385e-05 
43           NO_ID    1.972107746    2.183453024    3.26346e-05 
44           NO_ID    1.947530089    1.952648632    3.33186e-05 
45           NO_ID     2.24815743    2.363156377    2.87567e-05 
46           NO_ID    2.289110536     2.06984945    2.85837e-05 
47           NO_ID    1.601402172    2.030361837    3.94305e-05 
48           NO_ID    2.160565561    1.982518478    3.02481e-05 
49           NO_ID    2.082343527    2.255752419    3.09659e-05 
50           NO_ID    1.988882303    2.370334159    3.21549e-05 
51           NO_ID    2.132136426    1.674535458    3.10069e-05 
52           NO_ID    1.842901395    2.359982693    3.44775e-05 
53           NO_ID    1.867694776    2.063306092    3.44632e-05 
54           NO_ID    1.900438619     2.22805302    3.36977e-05 
55           NO_ID     2.39677847     2.14084437    2.73267e-05 
56           NO_ID    2.222494792    1.647963854    2.98673e-05 
57           NO_ID    1.625117656    1.601086435    3.96904e-05 
58           NO_ID    2.137242385    2.279612628    3.02106e-05 
59           NO_ID    1.661802672    2.282427305    3.77425e-05 
60           NO_ID     1.95407457    2.020345239     3.3124e-05 
61           NO_ID    2.339088515    2.243624211    2.78455e-05 
62           NO_ID    2.273351828    2.392802577    2.84353e-05 
63           NO_ID    1.932788794    2.207963406    3.32088e-05 
64           NO_ID    2.061028075    2.385050425    3.11103e-05 
65           NO_ID    2.066705981     2.29271398    3.11374e-05 
66           NO_ID     2.19454257    1.951431048    2.98521e-05 
67           NO_ID    2.159782279    1.924739041    3.03269e-05 
68           NO_ID     1.80196303    1.916064966    3.56219e-05 
69           NO_ID    1.812352707    1.940741444    3.53999e-05 
70           NO_ID    1.834016974    1.893035095    3.50917e-05 
71           NO_ID    1.695180943    2.108383183     3.7338e-05 
72           NO_ID    2.299564186    1.693477118    2.88809e-05 
73           NO_ID    2.362902061    1.813094607    2.80277e-05 
74           NO_ID    1.961722124    2.164468841    3.28168e-05 
75           NO_ID    2.376211449    2.212503566    2.74749e-05 
76           NO_ID     1.93723495    1.992624701    3.34258e-05 
77           NO_ID     2.20228754    1.905561941    2.98086e-05 
78           NO_ID    1.718012361    1.717824021    3.75256e-05 
79           NO_ID    1.827970483    2.237615441    3.48993e-05 
80           NO_ID    2.146450663    1.845416788    3.05978e-05 
81           NO_ID    2.187650369    1.659543786    3.02948e-05 
82           NO_ID    2.258666815    1.867529993    2.91633e-05 
83           NO_ID    2.112717708    2.117377508    3.07174e-05 
84           NO_ID    2.021804029    1.769832332    3.24383e-05 
85           NO_ID    1.878981881     1.68451225    3.46403e-05 
86           NO_ID    2.111324433    1.828706378    3.10891e-05 
87           NO_ID    2.053399898    1.610534233    3.21977e-05 
88           NO_ID    2.233298017    2.158511657    2.91453e-05 
89           NO_ID    1.676733941    2.120427012    3.76885e-05 
90           NO_ID    1.642472533    2.049264129    3.85106e-05 
91           NO_ID    2.266601916    2.331041541    2.85743e-05 
92           NO_ID    1.926562719    1.792976618    3.38806e-05 
93           NO_ID    1.767779215    2.304330754    3.56753e-05 
94           NO_ID    2.029479732    1.965677504    3.20634e-05 
95           NO_ID    2.390891516    2.220991904    2.73114e-05 
96           NO_ID    1.736050581    2.046121465    3.66401e-05 
97           NO_ID    2.327869623    1.639385727    2.86164e-05 
98           NO_ID    1.797854956    2.324598027    3.53094e-05 
99           NO_ID    1.651954934    2.001955195    3.83896e-05 
100          NO_ID    2.171167023    2.096582753    2.99805e-05 
101          NO_ID    1.824969402    1.800220509     3.5391e-05 
102          NO_ID    1.704214571    1.908082508    3.74785e-05 
103          NO_ID    1.767547387     2.25624796    3.57464e-05 
104          NO_ID    1.959137603    2.235953595    3.27653e-05 
105          NO_ID    1.703415008    1.785215555    3.77007e-05 
106          NO_ID    2.184498617    2.183692364    2.97154e-05 
107          NO_ID    2.126334776    2.294787123    3.03356e-05 
108          NO_ID    2.075552874     2.39570738    3.08998e-05 
109          NO_ID    1.882486632    1.703020082    3.47491e-05 
110          NO_ID    2.177500208    2.347086048    2.96267e-05 
111          NO_ID    1.976216063    2.229204436    3.25151e-05 
112          NO_ID    2.374971972    1.760927151    2.79518e-05 
113          NO_ID    2.396545293    1.660134378    2.78277e-05 
114          NO_ID    2.002364913    1.859581752    3.26047e-05 
115          NO_ID    2.314793681    1.952177836    2.84156e-05 
116          NO_ID    2.146455284    1.922791273     3.0503e-05 
117          NO_ID    1.744823239    1.745154117    3.69552e-05 
118          NO_ID    2.357639155    2.196443977    2.76899e-05 
119          NO_ID    2.082088386    2.166336317    3.10736e-05 
120          NO_ID    2.326187213    1.990170897    2.82465e-05 
121          NO_ID     2.17260589    1.740438375    3.03868e-05 
122          NO_ID    1.960352636    2.287648559    3.26822e-05 
123          NO_ID    2.036593772    2.266274133    3.15889e-05 
124          NO_ID    1.728699454    1.677997821    3.73837e-05 
125          NO_ID    1.627467217    2.363785259     3.8331e-05 
126          NO_ID    1.873361838    1.625648576    3.48272e-05 
127          NO_ID    1.653836429    2.043908418    3.82811e-05 
128          NO_ID    2.262343422    1.838520542    2.91526e-05 
129          NO_ID    2.025668147    1.919992993    3.21787e-05 
130          NO_ID    2.113849587    2.188730439    3.06195e-05 
131          NO_ID    2.280462166    1.650096674    2.91576e-05 
132          NO_ID    2.214251691     2.10638114    2.94326e-05 
133          NO_ID    1.971566525    2.103068264    3.27458e-05 
134          NO_ID    2.053497845    1.710903815    3.20559e-05 
135          NO_ID     2.01662585     1.81473891    3.24533e-05 
136          NO_ID    1.854324445    1.610350755    3.51782e-05 
137          NO_ID    1.914254442    2.134666922    3.35992e-05 
138          NO_ID    1.911825245    1.682027925    3.42892e-05 
139          NO_ID    1.774326546    1.717826889    3.64416e-05 
140          NO_ID    2.230220265    1.830273889     2.9551e-05 
141          NO_ID    1.667361603    1.769561105    3.84664e-05 
142          NO_ID    1.657936042    1.854273087    3.85151e-05 
143          NO_ID    1.934872157    2.039884964    3.33986e-05 
144          NO_ID    1.863143457     2.30376277    3.42107e-05 
145          NO_ID    2.389278674    2.116287225    2.74299e-05 
146          NO_ID    1.712060525    1.871414858    3.73834e-05 
147          NO_ID    2.303736838    2.152750927    2.83303e-05 
148          NO_ID    2.367474647    1.782695389    2.80104e-05 
149          NO_ID    2.207798636    2.028966824    2.95982e-05 
150          NO_ID    1.684089325    2.203692304    3.74124e-05 
151          NO_ID    2.057710395    1.794209387    3.18822e-05 
152          NO_ID    1.947212438    1.900873781    3.33956e-05 
153          NO_ID    2.133099677    1.941116799    3.06568e-05 
154          NO_ID    2.328026801    2.086468199    2.81255e-05 
155          NO_ID    1.815441928    1.841691088    3.54954e-05 
156          NO_ID    2.272575366    1.646113591    2.92566e-05 
157          NO_ID    1.994117201    2.387160659    3.20581e-05 
158          NO_ID    2.166278975    2.244721687    2.98775e-05 
159          NO_ID    1.902245942     1.93287812    3.40739e-05 
160          NO_ID    2.381064259    2.173566817    2.74611e-05 
161          NO_ID    1.605526973    1.665969824     4.0003e-05 
162          NO_ID    1.688924327     2.30520361     3.7165e-05 
163          NO_ID    1.819681171    2.329389323     3.4918e-05 
164          NO_ID    2.098564631    2.149688817    3.08694e-05 
165          NO_ID    1.720064435    2.211856064    3.66965e-05 
166          NO_ID    2.044948373    2.217787145    3.15284e-05 
167          NO_ID    1.805023974    1.998741013    3.54436e-05 
168          NO_ID    2.254322213    2.312354841    2.87359e-05 
169          NO_ID    1.633942853    2.010425602    3.87564e-05 
170          NO_ID    1.792902679     2.13924946    3.54554e-05 
171          NO_ID    2.343494844    2.017034403    2.80256e-05 
172          NO_ID    1.784464681    2.326792879     3.5345e-05 
173          NO_ID    1.676233184    2.254541727    3.74928e-05 
174          NO_ID    1.622953327    1.822309371    3.93222e-05 
175          NO_ID    1.844376036     1.94728802    3.50312e-05 
176          NO_ID    2.242295674    1.755441392    2.94918e-05 
177          NO_ID    1.612459167    1.639966085    3.98973e-05 
178          NO_ID    1.752581921    2.006750855    3.63882e-05 
179          NO_ID     2.01536772    2.073444015    3.21308e-05 
180          NO_ID    2.069283486    2.383858164    3.09984e-05 
181          NO_ID    2.348251727    1.620203115    2.84069e-05 
182          NO_ID    1.777691696    1.966916899    3.59839e-05 
183          NO_ID    1.737624632    1.873993132    3.68811e-05 
184          NO_ID     2.14274996    2.355920108    3.00564e-05 
185          NO_ID     2.26780706    1.691184189    2.92597e-05 
186          NO_ID    2.093006233    1.882954816    3.12708e-05 
187          NO_ID    1.921498465     2.33762317    3.32209e-05 
188          NO_ID    1.894613806    2.094365746    3.39723e-05 
189          NO_ID     2.19803183    2.275925399    2.94482e-05 
190          NO_ID    1.986346503     2.37248352    3.21898e-05 
191          NO_ID    1.645495014    2.066989915    3.84179e-05 
192          NO_ID    2.309152208    2.050791639    2.83748e-05 
193          NO_ID    2.220969218    1.977416457    2.94945e-05 
194          NO_ID    1.868635347    1.891477617    3.46968e-05 
195          NO_ID    1.936249951     1.60504774    3.40076e-05 
196          NO_ID    2.157874525    1.968054419       3.03e-05 
197          NO_ID    2.289975297    1.723472922    2.89583e-05 
198          NO_ID    2.236270523    2.056700659    2.92201e-05 
199          NO_ID    1.836916215    1.735095065    3.52828e-05 
200          NO_ID    2.106681751    2.124286326      3.079e-05 
201          NO_ID    1.750860744    1.800220509    3.67482e-05 
202          NO_ID    2.228318029    1.908082508    2.94837e-05 
203          NO_ID     1.79189316     2.25624796    3.53095e-05 
204          NO_ID    2.314088479    2.235953595    2.81296e-05 
205          NO_ID    1.853138622    1.785215555    3.49246e-05 
206          NO_ID    1.703071209    2.183692364    3.70676e-05 
207          NO_ID    2.091515818    2.294787123    3.07972e-05 
208          NO_ID    2.345856623     2.39570738    2.76259e-05 
209          NO_ID    1.730255115    1.703020082    3.73098e-05 
210          NO_ID    2.214473529    2.347086048    2.91736e-05 
211          NO_ID    2.011300524    2.229204436    3.19965e-05 
212          NO_ID    2.246311629    1.760927151    2.94363e-05 
213          NO_ID    2.281922843    1.660134378    2.91282e-05 
214          NO_ID     1.60879139    1.859581752    3.95672e-05 
215          NO_ID    2.121296701    1.952177836    3.08004e-05 
216          NO_ID    1.769516959    1.922791273    3.62022e-05 
217          NO_ID    2.097155597    1.745154117     3.1392e-05 
218          NO_ID    1.724768791    2.196443977    3.66292e-05 
219          NO_ID    1.998088763    2.166336317    3.22677e-05 
220          NO_ID    1.781780174    1.990170897    3.58741e-05 
221          NO_ID    2.072105688    1.740438375    3.17494e-05 
222          NO_ID      1.8859427    2.287648559    3.38552e-05 
223          NO_ID    1.894356134    2.266274133    3.37461e-05 
224          NO_ID    1.617990976    1.677997821    3.97002e-05 
225          NO_ID    1.633912383    2.363785259    3.81957e-05 
226          NO_ID    1.982317753    1.625648576    3.32442e-05 
227          NO_ID    2.332454743    2.043908418    2.81201e-05 
228          NO_ID    1.916099328    1.838520542    3.39838e-05 
229          NO_ID    2.307681875    1.919992993    2.85315e-05 
230          NO_ID    2.352481681    2.188730439    2.77534e-05 
231          NO_ID    1.859938588    1.650096674    3.50178e-05 
232          NO_ID    1.909222368     2.10638114    3.37183e-05 
233          NO_ID    2.003389545    2.103068264    3.22691e-05 
234          NO_ID    2.040386456    1.710903815    3.22464e-05 
235          NO_ID    1.705170836     1.81473891    3.76152e-05 
236          NO_ID    1.758710224    1.610350755    3.69193e-05 
237          NO_ID    1.820898623    2.134666922     3.5168e-05 
238          NO_ID    2.375593426    1.682027925     2.8032e-05 
239          NO_ID    1.665900065    1.717826889    3.85898e-05 
240          NO_ID    2.033407322    1.830273889    3.21851e-05 
241          NO_ID    2.182047512    1.769561105    3.02288e-05 
242          NO_ID    1.687043616    1.854273087    3.79136e-05 
243          NO_ID    1.972107746    2.039884964    3.28203e-05 
244          NO_ID    1.947530089     2.30376277    3.28583e-05 
245          NO_ID     2.24815743    2.116287225    2.90132e-05 
246          NO_ID    2.289110536    1.871414858    2.87996e-05 
247          NO_ID    1.601402172    2.152750927    3.92247e-05 
248          NO_ID    2.160565561    1.782695389    3.04907e-05 
249          NO_ID    2.082343527    2.028966824    3.12355e-05 
250          NO_ID    1.988882303    2.203692304    3.23576e-05 
251          NO_ID    2.132136426    1.794209387    3.08521e-05 
252          NO_ID    1.842901395    1.900873781    3.49267e-05 
253          NO_ID    1.867694776    1.941116799    3.46394e-05 
254          NO_ID    1.900438619    2.086468199    3.38879e-05 
255          NO_ID     2.39677847    1.841691088    2.76292e-05 
256          NO_ID    2.222494792    1.646113591    2.98697e-05 
257          NO_ID    1.625117656    2.387160659    3.83453e-05 
258          NO_ID    2.137242385    2.244721687    3.02492e-05 
259          NO_ID    1.661802672     1.93287812    3.82997e-05 
260          NO_ID     1.95407457    2.173566817    3.29224e-05 
261          NO_ID    2.339088515    1.665969824    2.84578e-05 
262          NO_ID    2.273351828     2.30520361    2.85224e-05 
263          NO_ID    1.932788794    2.329389323    3.30544e-05 
264          NO_ID    2.061028075    2.149688817    3.13844e-05 
265          NO_ID    2.066705981    2.211856064    3.12315e-05 
266          NO_ID     2.19454257    2.217787145    2.95535e-05 
267          NO_ID    2.159782279    1.998741013    3.02391e-05 
268          NO_ID     1.80196303    2.312354841    3.52531e-05 
269          NO_ID    1.812352707    2.010425602    3.52969e-05 
270          NO_ID    1.834016974     2.13924946     3.4932e-05 
271          NO_ID    1.695180943    2.017034403    3.74818e-05 
272          NO_ID    2.299564186    2.326792879    2.82026e-05 
273          NO_ID    2.362902061    2.254541727    2.75767e-05 
274          NO_ID    1.961722124    1.822309371    3.32788e-05 
275          NO_ID    2.376211449     1.94728802    2.77402e-05 
276          NO_ID     1.93723495    1.755441392    3.37638e-05 
277          NO_ID     2.20228754    1.639966085    3.01323e-05 
278          NO_ID    1.718012361    2.006750855    3.70484e-05 
279          NO_ID    1.827970483    2.073444015    3.51321e-05 
280          NO_ID    2.146450663    2.383858164    2.99791e-05 
281          NO_ID    2.187650369    1.620203115    3.03451e-05 
282          NO_ID    2.258666815    1.966916899    2.90514e-05 
283          NO_ID    2.112717708    1.873993132    3.10128e-05 
284          NO_ID    2.021804029    2.355920108    3.16941e-05 
285          NO_ID    1.878981881    1.691184189    3.46301e-05 
286          NO_ID    2.111324433    1.882954816    3.10205e-05 
287          NO_ID    2.053399898     2.33762317    3.12698e-05 
288          NO_ID    2.233298017    2.094365746    2.92146e-05 
289          NO_ID    1.676733941    2.275925399    3.74507e-05 
290          NO_ID    1.642472533     2.37248352    3.80045e-05 
291          NO_ID    2.266601916    2.066989915    2.88484e-05 
292          NO_ID    1.926562719    2.050791639    3.35157e-05 
293          NO_ID    1.767779215    1.977416457    3.61502e-05 
294          NO_ID    2.029479732    1.891477617    3.21607e-05 
295          NO_ID    2.390891516     1.60504774    2.79507e-05 
296          NO_ID    1.736050581    1.968054419    3.67613e-05 
297          NO_ID    2.327869623    1.723472922    2.85197e-05 
298          NO_ID    1.797854956    2.056700659    3.54861e-05 
299          NO_ID    1.651954934    1.735095065    3.88537e-05 
300          NO_ID    2.171167023    2.124286326    2.99492e-05 
301          NO_ID    1.824969402    1.985467048    3.51125e-05 
302          NO_ID    1.704214571    2.089656962    3.71887e-05 
303          NO_ID    1.767547387    2.265349526    3.57337e-05 
304          NO_ID    1.959137603    2.261390445    3.27334e-05 
305          NO_ID    1.703415008    2.129117101    3.71437e-05 
306          NO_ID    2.184498617    2.196319038    2.97016e-05 
307          NO_ID    2.126334776    1.752650375    3.09833e-05 
308          NO_ID    2.075552874    1.630946278    3.18501e-05 
309          NO_ID    1.882486632    1.783904496     3.4624e-05 
310          NO_ID    2.177500208    1.787966262    3.02645e-05 
311          NO_ID    1.976216063    1.874113442    3.29816e-05 
312          NO_ID    2.374971972    1.749820635     2.7964e-05 
313          NO_ID    2.396545293    1.671931416    2.78146e-05 
314          NO_ID    2.002364913    2.301362413    3.20395e-05 
315          NO_ID    2.314793681    2.319137231    2.80397e-05 
316          NO_ID    2.146455284    1.761694904    3.07028e-05 
317          NO_ID    1.744823239    2.174140967     3.6283e-05 
318          NO_ID    2.357639155    1.863146422    2.80317e-05 
319          NO_ID    2.082088386    1.617686558    3.17757e-05 
320          NO_ID    2.326187213    1.733022843     2.8528e-05 
321          NO_ID     2.17260589    1.648659537    3.05036e-05 
322          NO_ID    1.960352636    1.854068753    3.32553e-05 
323          NO_ID    2.036593772    2.191238934    3.16787e-05 
324          NO_ID    1.728699454     1.93275348    3.69586e-05 
325          NO_ID    1.627467217    2.084333281    3.87718e-05 
326          NO_ID    1.873361838    1.743546871    3.48416e-05 
327          NO_ID    1.653836429    2.038042066    3.82907e-05 
328          NO_ID    2.262343422    2.013150137    2.89569e-05 
329          NO_ID    2.025668147    2.348752445    3.16473e-05 
330          NO_ID    2.113849587    1.834711293    3.10471e-05 
331          NO_ID    2.280462166    2.338719604    2.84074e-05 
332          NO_ID    2.214251691    1.710756763    2.98928e-05 
333          NO_ID    1.971566525    1.886359112    3.30362e-05 
334          NO_ID    2.053497845    2.383734979    3.12159e-05 
335          NO_ID     2.01662585     1.72147727    3.25828e-05 
336          NO_ID    1.854324445    2.073339175    3.46759e-05 
337          NO_ID    1.914254442    1.969814918    3.38254e-05 
338          NO_ID    1.911825245     1.82116761    3.40792e-05 
339          NO_ID    1.774326546    1.806588348    3.62967e-05 
340          NO_ID    2.230220265    1.703545048    2.97027e-05 
341          NO_ID    1.667361603    1.900285648    3.82394e-05 
342          NO_ID    1.657936042    2.148065007    3.80288e-05 
343          NO_ID    1.934872157    2.183453024    3.32079e-05 
344          NO_ID    1.863143457    1.952648632    3.46999e-05 
345          NO_ID    2.389278674    2.363156377    2.71948e-05 
346          NO_ID    1.712060525     2.06984945    3.70658e-05 
347          NO_ID    2.303736838    2.030361837    2.84579e-05 
348          NO_ID    2.367474647    1.982518478    2.77985e-05 
349          NO_ID    2.207798636    2.255752419    2.93501e-05 
350          NO_ID    1.684089325    2.370334159    3.71659e-05 
351          NO_ID    2.057710395    1.674535458    3.20453e-05 
352          NO_ID    1.947212438    2.359982693    3.27937e-05 
353          NO_ID    2.133099677    2.063306092    3.05108e-05 
354          NO_ID    2.328026801     2.22805302    2.79826e-05 
355          NO_ID    1.815441928     2.14084437    3.52555e-05 
356          NO_ID    2.272575366    1.647963854    2.92543e-05 
357          NO_ID    1.994117201    1.601086435    3.30984e-05 
358          NO_ID    2.166278975    2.279612628    2.98395e-05 
359          NO_ID    1.902245942    2.282427305    3.35976e-05 
360          NO_ID    2.381064259    2.020345239    2.76132e-05 
361          NO_ID    1.605526973    2.243624211    3.89872e-05 
362          NO_ID    1.688924327    2.392802577    3.70384e-05 
363          NO_ID    1.819681171    2.207963406    3.50854e-05 
364          NO_ID    2.098564631    2.385050425    3.06021e-05 
365          NO_ID    1.720064435     2.29271398    3.65789e-05 
366          NO_ID    2.044948373    1.951431048    3.18586e-05 
367          NO_ID    1.805023974    1.924739041    3.55541e-05 
368          NO_ID    2.254322213    1.916064966    2.91601e-05 
369          NO_ID    1.633942853    1.940741444     3.8875e-05 
370          NO_ID    1.792902679    1.893035095    3.58202e-05 
371          NO_ID    2.343494844    2.108383183    2.79319e-05 
372          NO_ID    1.784464681    1.693477118    3.62934e-05 
373          NO_ID    1.676233184    1.813094607    3.82057e-05 
374          NO_ID    1.622953327    2.164468841    3.87378e-05 
375          NO_ID    1.844376036    2.212503566    3.46511e-05 
376          NO_ID    2.242295674    1.992624701    2.92185e-05 
377          NO_ID    1.612459167    1.905561941    3.94037e-05 
378          NO_ID    1.752581921    1.717824021    3.68524e-05 
379          NO_ID     2.01536772    2.237615441    3.19273e-05 
380          NO_ID    2.069283486    1.845416788    3.16501e-05 
381          NO_ID    2.348251727    1.659543786    2.83616e-05 
382          NO_ID    1.777691696    1.867529993    3.61376e-05 
383          NO_ID    1.737624632    2.117377508    3.65024e-05 
384          NO_ID     2.14274996    1.769832332    3.07416e-05 
385          NO_ID     2.26780706     1.68451225    2.92677e-05 
386          NO_ID    2.093006233    1.828706378    3.13403e-05 
387          NO_ID    1.921498465    1.610534233    3.42406e-05 
388          NO_ID    1.894613806    2.158511657    3.38849e-05 
389          NO_ID     2.19803183    2.120427012    2.96168e-05 
390          NO_ID    1.986346503    2.049264129    3.25923e-05 
391          NO_ID    1.645495014    2.331041541     3.8004e-05 
392          NO_ID    2.309152208    1.792976618    2.86555e-05 
393          NO_ID    2.220969218    2.304330754    2.91396e-05 
394          NO_ID    1.868635347    1.965677504    3.45875e-05 
395          NO_ID    1.936249951    2.220991904    3.31378e-05 
396          NO_ID    2.157874525    2.046121465    3.02084e-05 
397          NO_ID    2.289975297    1.639385727    2.90575e-05 
398          NO_ID    2.236270523    2.324598027     2.8936e-05 
399          NO_ID    1.836916215    2.001955195    3.50801e-05 
400          NO_ID    2.106681751    2.096582753    3.08227e-05 
